# Pareto front points: solution index, citizen satisfaction, government alignment, non-participant alignment
1,14975.0,25701.0,24363.0
2,14968.0,25651.0,24422.0
3,14962.0,25763.0,24525.0
4,14958.0,26126.0,24781.0
5,14955.0,26354.0,25186.0
6,14954.0,26717.0,25442.0
7,14941.0,26779.0,25604.0
8,14938.0,26899.0,25715.0
9,14937.0,28213.0,26562.0
10,14915.0,27829.0,26600.0
11,14903.0,27949.0,26712.0
12,14899.0,28304.0,26872.0
13,14894.0,28271.0,26913.0
14,14885.0,28032.0,27013.0
15,14883.0,28304.0,26929.0
16,14880.0,28333.0,26730.0
17,14878.0,28362.0,26934.0
18,14877.000000000011,28109.99999999985,27254.99999999989
19,14876.0,28387.0,26827.0
20,14876.0,28312.0,26967.0
21,14871.0,28391.00000000004,27082.00000000005
22,14864.0,28569.0,27519.0
23,14851.0,28647.0,26835.0
24,14846.0,28259.0,27601.0
25,14845.0,29168.00000000015,28259.999999999884
26,14818.0,29255.0,28356.0
27,14813.000000000005,29276.000000000087,28495.000000000036
28,14803.000000000005,29462.0000000001,28257.00000000008
29,14802.0,29577.0,28573.0
30,14800.000000000007,29338.00000000011,28657.000000000044
31,14796.0,29681.0,28621.0
32,14775.0,29664.0,28669.0
33,14774.0,29606.0,28721.0
34,14766.0,29693.0,28874.0
35,14759.0,29706.0,28581.0
36,14757.0,29743.0,28783.0
37,14748.0,29772.0,28988.0
38,14739.0,29801.0,28789.0
39,14730.0,29813.0,29042.0
40,14727.0,29817.0,29229.0
41,14726.0,30160.0,29193.0
42,14705.0,30143.0,29241.0
43,14698.999999999998,30247.0,29288.999999999996
44,14695.0,30069.0,29624.0
45,14687.0,30222.0,29355.0
46,14675.0,30255.0,29386.0
47,14669.0,30280.0,29361.0
48,14664.0,30334.0,29443.0
49,14663.0,30070.0,29537.0
50,14660.000000000002,30309.0,29451.000000000004
51,14657.0,30334.0,29499.999999999996
52,14651.0,30338.0,29656.0
53,14642.0,30367.0,29457.0
54,14638.0,30189.0,29792.0
55,14633.000000000002,30341.999999999993,29539.0
56,14630.0,30421.0,29596.0
57,14628.0,30454.0,29611.0
58,14627.0,30474.0,29008.0
59,14625.0,30544.0,29153.0
60,14625.0,30511.0,29210.0
61,14624.0,30801.0,29762.0
62,14607.0,30504.0,29897.0
63,14588.0,30888.0,29915.0
64,14587.000000000035,30624.00000000008,30009.00000000008
65,14585.0,30863.0,29924.0
66,14580.0,30607.0,30114.0
67,14567.0,30921.0,29930.0
68,14560.0,30900.0,30168.0
69,14551.000000000005,30966.999999999996,29972.0
70,14531.0,31008.0,30083.0
71,14526.000000000002,30301.000000000033,30240.000000000015
72,14523.0,30595.0,30207.0
73,14517.0,31016.0,29701.0
74,14516.0,31131.0,30017.0
75,14501.000000000004,30627.000000000004,30252.0
76,14501.0,30921.0,30219.0
77,14498.0,31189.0,30023.0
78,14493.0,31305.0,30324.0
79,14491.0,30446.0,30343.0
80,14481.0,31446.0,30544.0
81,14383.0,30776.000000000004,30598.000000000004
82,14365.0,30834.0,30604.0
83,14360.0,31061.0,30556.0
84,14355.0,31239.0,30674.0
85,14346.0,31503.0,30128.0
86,14328.0,31561.0,30134.0
87,14301.0,31479.0,30589.0
88,14289.0,31623.0,30296.0
89,14263.999999999984,31387.999999999956,30624.999999999945
90,14252.0,31681.0,30302.0
91,14246.0,31446.0,30631.0
92,14230.0,30888.0,30701.0
93,14226.0,30921.0,30701.0
94,14224.0,31156.0,30749.000000000004
95,14207.0,31475.0,30779.0
96,14184.0,31504.0,30580.0
97,14179.0,31268.0,30852.0
98,14153.0,31722.0,30704.0
99,14141.0,31578.0,30997.0
100,14121.000000000016,31871.000000000033,31051.000000000087
101,14106.0,31661.0,31253.0
102,14084.0,31896.0,31011.0
103,14084.0,31698.0,31165.0
104,14082.0,31933.0,31213.0
105,14077.0,31677.0,31403.0
106,14070.0,31958.0,31204.0
107,14064.0,31991.0,31219.0
108,14054.0,31962.0,31361.0
109,14048.0,32037.0,31261.0
110,14035.0,32099.0,31424.0
111,14000.0,31756.0,31460.0
112,13998.0,31991.0,31508.0
113,13993.0,32169.0,31626.0
114,13988.0,31516.0,31632.0
115,13978.0,32516.0,31833.0
116,13892.0,32520.0,31643.0
117,13880.0,32574.0,31782.0
118,13875.000000000004,32318.000000000007,31971.999999999996
119,13866.0,32628.0,31921.0
120,13862.000000000004,32632.000000000004,31788.000000000004
121,13852.0,32603.0,31930.0
122,13773.0,32611.0,31969.0
123,13754.999999999998,32669.0,31974.999999999996
124,13752.0,32714.0,31320.0
125,13743.0,32690.0,31737.0
126,13740.0,32421.0,32051.0
127,13735.0,32735.0,31415.0
128,13731.0,32739.0,31281.999999999996
129,13730.0,32727.0,31502.0
130,13729.0,32694.0,31980.0
131,13727.0,32888.0,31628.0
132,13720.000000000004,32657.0,32068.0
133,13710.999999999996,32900.0,31823.99999999999
134,13691.0,32396.0,32090.0
135,13685.00000000001,32929.000000000015,31682.000000000036
136,13673.999999999998,32958.0,31830.0
137,13666.0,32669.0,31989.0
138,13659.0,32954.0,31933.0
139,13654.0,32987.0,31978.0
140,13652.0,32723.000000000004,32128.000000000004
141,13641.0,32012.0,32129.0
142,13633.999999999978,32516.000000000007,32258.000000000004
143,13629.0,32727.0,31995.0
144,13604.000000000004,32991.0,31844.00000000001
145,13558.0,33016.0,31805.0
146,13527.0,33020.0,31992.0
147,13501.0,33049.0,31850.0
148,13487.0,32740.0,32024.0
149,13484.999999999984,32771.999999999985,32067.999999999956
150,13484.0,32640.0,32174.0
151,13481.0,33045.0,31953.0
152,13476.0,32756.0,32129.0
153,13453.0,32698.0,32138.0
154,13448.0,32830.0,32074.0
155,13446.0,32785.0,32291.0
156,13443.999999999933,32990.99999999988,32133.999999999796
157,13426.0,33049.0,32140.0
158,13411.0,32802.0,32186.0
159,13402.0,32458.0,32309.0
160,13395.0,33165.0,32442.0
161,13248.0,33186.0,32204.0
162,13220.0,32488.0,32457.0
163,13198.0,32814.0,32469.0
164,13190.0,33214.0,31640.0
165,13180.0,32872.0,32475.0
166,13158.0,32202.0,32499.0
167,13153.0,33272.0,31646.0
168,13131.0,33193.0,31848.0
169,13127.000000000002,32550.000000000007,32619.000000000004
170,13113.0,33243.0,31788.0
171,13105.0,32876.0,32631.0
172,13102.0,33186.0,32291.0
173,13087.0,32934.0,32637.0
174,13085.0,33218.0,31809.0
175,13076.0,33301.0,31794.0
176,13045.999999999993,33190.0,32447.0
177,13028.0,33330.0,31911.0
178,13009.0,33248.0,32453.0
179,13006.0,33334.0,31808.0
180,12993.0,33272.0,31936.0
181,12967.999999999998,32222.999999999996,32638.000000000007
182,12960.0,33359.0,31769.0
183,12935.999999999984,33392.0,32104.000000000015
184,12919.0,32851.0,32683.0
185,12918.0,32686.0,32713.0
186,12875.0,33082.0,32532.0
187,12857.0,33140.0,32538.0
188,12855.0,32876.0,32688.0
189,12820.0,33165.0,32498.0
190,12818.0,33219.0,32595.0
191,12818.0,33202.0,32700.0
192,12816.0,32905.0,32836.0
193,12812.000000000016,32909.00000000003,32703.000000000065
194,12808.0,33021.0,32791.0
195,12781.0,33260.0,32706.0
196,12745.0,33396.0,31970.0
197,12718.0,33306.0,32749.0
198,12690.000000000016,32992.0,32933.00000000003
199,12690.0,32698.0,32966.0
200,12681.0,33479.0,32258.0
201,12605.000000000002,33289.0,32854.0
202,12572.000000000002,33042.0,32930.0
203,12554.000000000015,33050.00000000001,32938.00000000001
204,12519.0,33075.0,32888.0
205,12505.0,33421.0,32309.0
206,12445.0,33335.0,32606.0
207,12437.0,33310.0,32615.0
208,12382.000000000002,33314.0,32802.0
209,12347.0,33338.0,32342.0
210,12345.0,33454.0,32323.0
211,12345.0,33372.0,32808.0
212,12329.0,33396.0,32348.0
213,12290.0,33507.0,31664.0
214,12290.0,33458.0,32510.0
215,12253.0,33516.0,32516.0
216,12251.0,32674.000000000004,32975.0
217,12221.0,32748.0,32963.0
218,12196.0,32641.0,33017.0
219,12189.0,33536.0,31812.0
220,12185.0,33075.0,32944.0
221,12180.0,32967.0,33029.0
222,12146.0,33104.0,33092.0
223,12080.0,33533.0,32411.0
224,11998.0,33540.0,31678.0
225,11961.0,32401.0,33101.0
226,11931.0,33541.0,32477.0
227,11876.000000000002,33545.0,32664.0
228,11859.0,33231.0,32905.0
229,11764.0,33603.0,32670.0
230,11715.0,33314.0,32859.0
231,11624.0,32752.0,33119.0
232,11573.0,33574.0,32812.0
233,11499.0,32670.0,33164.0
234,11428.0,33623.0,31979.0
235,11423.000000000335,33343.00000000003,33007.0
236,11352.0,33627.0,31832.0
237,11275.0,33656.0,31980.0
238,11244.0,33046.0,33143.0
239,11240.999999999998,33631.0,32075.999999999996
240,10695.0,33627.0,32179.0
# solution index , list of selected proposals
1,1,3,5,6,7,8,10,11,13,14,17,18,19,21,22,23,24,26,27,28,30,31,33,34,36,38,39,40,41,43,44,45,46,52,53,58,59,62,68,69,71,72,75,76,79,81,83,87,88,89,90,91,93,94,95,96,97,98,104,105,106,107,108,109,112,117
2,1,3,5,6,7,8,10,11,13,14,17,18,19,21,22,23,24,26,27,28,30,31,33,34,36,38,39,40,41,43,44,45,46,52,53,58,59,62,68,69,71,72,75,76,79,81,83,87,88,89,90,93,94,95,96,97,98,99,104,105,106,107,108,109,112,115
3,1,3,5,6,7,8,10,11,13,14,17,18,19,21,22,23,24,26,27,28,30,31,33,34,36,38,39,40,41,43,44,45,46,52,53,58,59,62,68,69,71,72,75,76,79,81,83,87,88,89,90,91,93,94,95,96,97,98,104,105,106,107,109,112,115,117
4,1,3,5,6,7,8,10,11,13,14,17,18,19,21,22,23,24,26,27,28,30,31,33,34,36,38,39,40,41,43,44,45,46,52,53,58,59,62,68,69,71,72,75,76,79,81,83,87,88,89,90,92,93,94,95,96,97,98,104,106,107,108,109,112,115,117
5,1,3,5,6,7,8,10,11,13,14,17,18,19,21,22,24,26,27,28,30,31,33,34,36,38,39,40,41,43,44,45,46,47,52,53,58,59,62,68,69,71,72,73,75,76,79,81,83,87,88,89,90,91,93,94,95,96,97,98,99,104,105,106,107,108,109,112,117
6,1,3,5,6,7,8,10,11,13,14,17,18,19,21,22,24,26,27,28,30,31,33,34,36,38,39,40,41,43,44,45,46,47,52,53,58,59,62,68,69,71,72,73,75,76,79,81,83,87,88,89,90,92,93,94,95,96,97,98,99,104,105,106,107,108,109,112,117
7,1,3,5,6,7,8,10,11,13,14,17,18,19,21,22,24,26,27,28,30,31,33,34,36,38,39,40,41,43,44,45,46,47,52,53,58,59,62,68,69,71,72,73,75,76,79,81,83,87,88,89,90,92,93,94,95,96,97,98,99,104,105,106,107,109,112,115,117
8,1,3,5,6,7,8,10,11,13,14,17,18,19,21,22,24,26,27,28,30,31,33,34,36,38,39,40,41,43,44,45,46,47,52,53,58,59,61,62,68,69,71,72,75,76,79,81,83,87,88,89,90,93,94,95,96,97,98,99,104,105,106,107,108,109,112,115,117
9,1,3,5,6,7,8,10,11,13,14,17,18,19,21,22,24,26,27,28,30,31,33,34,36,38,39,40,41,43,44,45,46,47,52,53,58,59,62,68,69,71,72,75,76,79,81,83,87,88,89,90,91,92,93,94,95,96,97,98,99,104,105,106,107,108,109,112,115,117,118
10,1,3,5,6,7,8,10,11,13,14,17,18,19,21,22,23,26,27,28,30,31,33,34,36,38,39,40,41,43,44,45,46,47,52,53,58,59,62,68,69,71,72,75,76,79,81,83,87,88,89,90,91,92,93,94,95,96,97,98,99,104,105,106,107,109,112,115,117,118
11,1,3,5,6,7,8,10,11,13,14,17,18,19,21,22,23,26,27,28,30,31,33,34,36,38,39,40,41,43,44,45,46,47,52,53,58,59,62,68,69,71,72,75,76,79,81,83,87,88,89,90,91,92,93,94,95,96,97,98,104,105,106,107,108,109,112,114,115,117
12,1,3,5,6,7,8,10,11,13,14,17,18,19,21,22,24,26,27,28,30,31,33,34,36,38,39,40,41,43,44,45,46,47,52,53,58,59,62,68,69,71,72,75,76,79,81,83,87,88,89,90,92,93,94,95,96,97,98,99,104,105,106,107,108,109,112,114,115,117,118
13,1,3,5,6,7,8,10,11,13,14,17,18,19,21,22,23,26,27,28,30,31,33,34,36,38,39,40,41,43,44,45,46,52,53,58,59,61,62,68,69,71,72,75,76,79,81,83,87,88,89,90,91,92,93,94,95,96,97,98,99,104,105,106,107,108,109,112,115,117,118
14,1,3,5,6,7,8,10,11,13,14,17,18,19,21,22,23,26,27,28,30,31,33,34,36,38,39,40,41,43,44,45,46,47,52,53,58,59,62,68,69,71,72,75,76,79,81,83,87,88,89,90,91,92,93,94,95,96,97,98,104,105,106,107,109,112,114,115,117,118
15,1,3,5,6,7,8,10,11,13,14,17,18,19,21,22,24,26,27,28,30,31,33,34,36,38,39,40,41,43,44,45,46,52,53,58,59,62,66,68,69,71,72,75,76,79,81,83,87,88,89,90,91,92,93,94,95,96,97,98,99,104,105,106,107,108,109,112,114,115,117
16,1,3,5,6,7,8,10,11,13,14,17,18,19,21,22,24,26,27,28,30,31,33,34,36,38,39,40,41,43,44,45,46,47,52,53,58,59,62,68,69,71,72,75,76,79,81,87,88,89,90,91,92,93,94,95,96,97,98,99,104,105,106,107,108,109,112,115,116,117,118
17,1,3,5,6,7,8,10,11,13,14,17,18,19,21,22,23,26,27,28,30,31,33,34,36,38,39,40,41,43,44,45,46,47,52,53,58,59,62,68,69,71,72,75,76,79,81,87,88,89,90,91,92,93,94,95,96,97,98,99,104,105,106,107,108,109,112,114,115,117
18,1,3,5,6,7,8,10,11,13,14,17,18,19,21,22,23,26,27,28,30,31,33,34,36,38,39,40,41,43,44,45,46,47,52,53,58,59,61,62,66,68,69,71,72,73,75,76,79,81,83,87,88,89,90,91,92,93,94,95,96,97,98,104,105,106,107,108,109,112,114,115,117
19,1,3,5,6,7,8,10,11,13,14,17,18,19,21,22,24,26,27,28,30,31,33,34,36,38,39,40,41,43,44,45,46,47,52,53,58,59,62,68,69,71,72,75,76,79,81,83,87,88,89,90,91,92,93,94,95,96,97,98,105,106,107,108,109,112,114,115,117,118
20,1,3,5,6,7,8,10,11,13,14,17,18,19,21,22,23,26,27,28,30,31,33,34,36,38,39,40,41,43,45,46,47,52,53,58,59,61,62,68,69,71,72,75,76,79,81,83,87,88,89,90,91,92,93,94,95,96,97,98,99,104,105,106,107,108,109,112,115,117
21,1,3,5,6,7,8,10,11,13,14,17,18,19,21,22,23,26,27,28,30,31,33,34,36,38,39,40,41,43,44,45,46,47,52,53,58,59,62,68,69,71,72,75,79,81,82,83,87,88,89,90,91,92,93,94,95,96,97,98,99,104,105,106,107,108,109,112,114,115,117,118
22,1,3,5,6,7,8,10,11,13,14,17,18,19,21,22,26,27,28,30,31,33,34,36,38,39,40,41,43,44,45,46,47,52,53,58,59,61,62,68,69,71,72,73,75,76,79,81,83,87,88,89,90,91,92,93,94,95,96,97,98,99,100,104,105,106,107,108,109,112,115,117
23,1,3,5,6,7,8,10,11,13,14,18,19,21,22,23,24,26,27,28,30,31,33,34,36,38,39,40,41,43,44,45,46,47,52,53,58,59,62,68,69,71,72,75,76,79,81,83,87,88,89,90,91,92,94,95,96,97,98,99,104,105,106,107,108,109,112,114,115,117,118
24,1,3,5,6,7,8,10,11,13,14,17,18,19,21,22,26,27,28,30,31,33,34,36,38,39,40,41,43,44,45,46,47,52,53,58,59,61,62,66,68,69,71,72,75,76,79,81,82,83,87,88,89,90,91,92,93,94,95,96,97,98,104,105,106,107,108,109,112,117
25,1,3,5,6,7,8,10,11,13,14,17,18,19,21,22,23,26,27,28,30,31,33,34,36,38,39,40,41,43,44,45,46,47,52,53,58,59,61,62,66,68,69,71,72,75,76,79,81,82,83,87,88,89,90,91,92,93,94,95,96,97,98,99,100,104,105,106,107,108,109,112,114,115,117,118
26,1,3,5,6,7,8,10,11,13,14,17,18,19,21,22,26,27,28,30,31,33,34,36,38,39,40,41,43,44,45,46,47,52,53,58,59,61,62,68,69,71,72,75,76,79,81,82,83,87,88,89,90,91,92,93,94,95,96,97,98,99,104,105,106,107,108,109,112,114,115,117
27,1,3,5,6,7,8,10,11,13,14,17,18,19,21,22,26,27,28,30,31,33,34,36,38,39,40,41,43,44,45,46,47,52,53,58,59,61,62,68,69,71,72,75,76,79,81,82,83,87,88,89,90,91,92,93,94,95,96,97,98,99,104,105,106,107,108,109,112,114,117,118
28,1,3,5,6,7,8,10,11,13,14,17,18,19,21,22,26,27,28,30,31,33,34,36,38,39,40,41,43,44,45,46,47,52,53,58,59,61,62,66,68,69,71,72,75,76,79,81,83,87,88,89,90,91,92,93,94,96,97,98,99,100,104,105,106,107,108,109,112,114,115,117,118
29,1,3,5,6,7,8,10,11,13,14,17,18,19,21,22,26,27,28,30,31,33,34,36,38,39,40,41,43,44,45,46,47,52,53,58,59,61,62,66,68,69,71,72,75,76,79,81,83,87,88,89,90,91,92,94,95,96,97,98,99,104,105,106,107,108,109,112,114,115,117,118
30,1,3,5,6,7,8,10,11,13,14,17,18,19,21,22,26,27,28,30,31,33,34,36,38,39,40,41,43,44,45,46,47,52,53,58,59,61,62,68,69,71,72,75,76,79,81,82,83,87,88,89,90,91,92,93,94,95,96,97,98,99,104,105,106,107,108,109,112,114,115,117,118
31,1,3,5,6,7,8,10,11,13,14,17,18,19,21,22,26,27,28,30,31,33,34,36,38,39,40,41,43,44,45,46,47,52,53,58,59,61,62,68,69,71,72,75,76,79,81,83,87,88,89,90,91,92,93,94,95,96,97,98,99,100,104,105,106,107,108,109,112,114,115,117,118
32,1,3,5,6,7,8,10,11,13,14,17,18,19,21,22,26,27,28,30,31,33,34,36,38,39,40,41,43,44,45,46,47,52,53,58,59,61,62,68,69,71,72,75,76,79,81,82,83,87,88,89,90,91,92,94,95,96,97,98,99,104,105,106,107,108,109,112,114,115,117,118
33,1,3,5,6,7,8,10,11,13,14,17,18,19,21,22,26,27,28,30,31,33,34,36,38,39,40,41,43,45,46,47,52,53,58,59,61,62,66,68,69,71,72,73,75,76,79,81,83,87,88,89,90,91,92,93,94,95,96,97,98,99,104,105,106,107,108,109,112,114,115,117,118
34,1,3,5,6,7,8,10,11,13,14,17,18,19,21,22,26,27,28,30,31,33,34,36,38,39,40,41,43,44,45,46,52,53,58,59,61,62,66,68,69,71,72,75,76,79,81,82,83,87,88,89,90,91,92,93,94,95,96,97,98,99,104,105,106,107,108,109,112,114,115,117,118
35,1,3,5,6,7,8,10,11,13,14,18,19,21,22,23,26,27,28,30,31,33,34,36,38,39,40,41,43,44,45,46,47,52,53,58,59,61,62,68,69,71,72,75,76,79,81,83,87,88,89,90,91,92,93,94,95,96,97,98,99,100,104,105,106,107,108,109,112,114,115,116,117,118
36,1,3,5,6,7,8,10,11,13,14,17,18,19,21,22,26,27,28,30,31,33,34,36,38,39,40,41,43,44,45,46,47,52,53,58,59,61,62,68,69,71,72,75,76,79,81,83,87,88,89,90,91,92,94,95,96,97,98,99,100,104,105,106,107,108,109,112,114,115,116,117,118
37,1,3,5,6,7,8,10,11,13,14,17,18,19,21,22,26,27,28,30,31,33,34,36,38,39,40,41,43,44,45,46,52,53,58,59,61,62,66,68,69,71,72,75,76,79,81,83,87,88,89,90,91,92,93,94,95,96,97,98,99,100,104,105,106,107,108,109,112,114,115,116,117,118
38,1,3,5,6,7,8,10,11,13,14,17,18,19,21,22,26,27,28,30,31,33,34,36,38,39,40,41,43,44,45,46,47,52,53,58,59,61,62,66,68,69,71,72,75,76,79,81,87,88,89,90,91,92,93,94,95,96,97,98,99,100,104,105,106,107,108,109,112,114,115,116,117,118
39,1,3,5,6,7,8,10,11,13,14,17,18,19,21,22,26,27,28,30,31,33,34,36,38,39,40,41,43,45,46,47,52,53,58,59,61,62,66,68,69,71,72,75,76,79,81,83,87,88,89,90,91,92,93,94,95,96,97,98,99,100,104,105,106,107,108,109,112,114,115,116,117
40,1,3,5,6,7,8,10,11,13,14,17,18,19,21,22,26,27,28,30,31,33,34,36,38,39,40,41,43,45,46,47,52,53,58,59,61,62,66,68,69,71,72,75,76,79,81,82,83,87,88,89,90,91,92,93,94,95,96,97,98,99,104,106,107,108,109,112,114,115,117,118
41,1,3,5,6,7,8,10,11,13,14,17,18,19,21,22,26,27,28,30,31,33,34,36,38,39,40,41,43,45,46,47,52,53,58,59,61,62,66,68,69,71,72,75,76,79,81,83,87,88,89,90,91,92,93,94,95,96,97,98,99,100,104,105,106,107,108,109,112,114,115,117,118
42,1,3,5,6,7,8,10,11,13,14,17,18,19,21,22,26,27,28,30,31,33,34,36,38,39,40,41,43,45,46,47,52,53,58,59,61,62,66,68,69,71,72,75,76,79,81,82,83,87,88,89,90,91,92,94,95,96,97,98,99,104,105,106,107,108,109,112,114,115,117,118
43,1,3,5,6,7,8,10,11,13,14,17,18,19,21,22,26,27,28,30,31,33,34,36,38,39,40,41,43,45,46,47,52,53,58,59,61,62,68,69,71,72,75,76,79,81,82,83,87,88,89,90,91,92,93,94,95,96,97,98,99,100,104,105,106,107,108,109,112,114,115,117,118
44,1,3,5,6,7,8,10,11,13,14,17,18,19,21,22,26,27,30,31,33,34,36,38,39,40,41,43,44,45,46,47,52,53,58,59,61,62,66,68,69,71,72,75,76,79,81,82,83,87,88,89,90,91,92,93,94,95,96,97,98,99,100,104,105,106,107,108,109,112,114,115,117,118
45,1,3,5,6,7,8,10,11,13,14,17,18,19,21,22,26,27,28,30,31,33,34,36,38,39,40,41,43,45,46,47,52,53,58,59,61,62,66,68,69,71,72,75,76,79,81,83,87,88,89,90,91,92,94,95,96,97,98,99,100,104,105,106,107,108,109,112,114,115,116,117,118
46,1,3,5,6,7,8,10,11,13,14,18,19,21,22,26,27,28,30,31,33,34,36,38,39,40,41,43,44,45,46,47,52,53,58,59,60,61,62,66,68,69,71,72,75,76,79,81,82,83,87,88,89,90,91,92,93,94,95,96,97,98,99,104,105,106,107,108,109,112,114,115,117,118
47,1,3,5,6,7,8,10,11,13,14,17,18,19,21,22,26,27,28,30,31,33,34,36,38,39,40,41,43,45,46,47,52,53,58,59,61,62,66,68,69,71,72,75,76,79,81,87,88,89,90,91,92,93,94,95,96,97,98,99,100,104,105,106,107,108,109,112,114,115,116,117,118
48,1,3,5,6,7,8,10,11,13,14,18,19,21,22,26,27,28,30,31,33,34,36,38,39,40,41,43,44,45,46,47,52,53,58,59,61,62,66,68,69,71,72,73,75,76,79,81,82,83,87,88,89,90,91,92,93,94,95,96,97,98,99,100,105,106,107,108,109,112,114,115,117,118
49,1,3,5,6,7,8,10,11,13,14,18,19,21,22,26,27,28,30,31,33,34,36,38,39,40,41,43,44,45,46,47,52,53,58,59,61,62,66,68,69,71,72,73,75,76,79,81,82,83,87,88,89,90,91,92,93,94,95,96,97,98,100,104,105,106,107,108,109,112,114,115,116,117,118
50,1,3,5,6,7,8,10,11,13,14,17,18,19,21,22,26,27,28,30,31,33,34,36,38,39,40,41,43,45,46,47,52,53,58,59,61,62,66,68,69,71,72,75,76,79,81,82,83,87,88,89,90,91,92,94,95,96,97,98,99,100,104,105,106,107,108,109,112,114,115,116,117,118
51,1,3,5,6,7,8,10,11,13,14,18,19,21,22,26,27,28,30,31,33,34,36,38,39,40,41,43,44,45,46,47,52,53,58,59,60,61,62,66,68,69,71,72,75,76,79,81,83,87,88,89,90,91,92,93,94,95,96,97,98,99,100,104,105,106,107,108,109,112,114,115,116,117,118
52,1,3,5,6,7,8,10,11,13,14,17,18,19,21,22,26,27,28,30,31,33,34,36,38,39,40,41,43,45,46,52,53,58,59,61,62,66,68,69,71,72,75,76,79,81,82,83,87,88,89,90,91,92,93,94,95,96,97,98,99,100,104,105,106,107,108,109,112,114,115,116,117,118
53,1,3,5,6,7,8,10,11,13,14,17,18,19,21,22,26,27,28,30,31,33,34,36,38,39,40,41,43,45,46,47,52,53,58,59,61,62,68,69,71,72,75,76,79,81,82,87,88,89,90,91,92,93,94,95,96,97,98,99,100,104,105,106,107,108,109,112,114,115,116,117,118
54,1,3,5,6,7,8,10,11,13,14,17,18,19,21,22,26,27,30,31,33,34,36,38,39,40,41,43,44,45,46,47,52,53,58,59,61,62,66,68,69,71,72,75,76,79,81,82,87,88,89,90,91,92,93,94,95,96,97,98,99,100,104,105,106,107,108,109,112,114,115,116,117,118
55,1,3,5,6,7,8,10,11,13,14,18,19,21,22,26,27,28,30,31,33,34,36,38,39,40,41,43,44,45,46,47,52,53,56,58,59,60,61,62,66,68,69,71,72,75,76,79,81,82,83,87,88,89,90,91,92,93,94,95,96,97,98,99,100,104,105,106,107,108,109,112,114,115,117,118
56,1,3,5,6,7,8,10,11,13,14,18,19,21,22,26,27,28,30,31,33,34,36,38,39,40,41,43,44,45,46,47,52,53,58,59,60,61,62,68,69,71,72,75,76,79,81,82,83,87,88,89,90,91,92,93,94,95,96,97,98,99,100,104,105,106,107,108,109,112,114,115,116,117,118
57,1,3,5,6,7,8,10,11,13,14,18,19,21,22,26,27,28,30,31,33,34,36,38,39,40,41,43,44,45,46,47,52,53,58,59,61,62,66,68,69,71,72,75,76,79,81,82,83,87,88,89,90,91,92,93,94,95,96,97,98,99,100,104,105,106,107,108,109,111,112,114,115,116,117
58,1,3,5,6,7,8,10,11,13,14,18,19,21,22,23,26,27,28,30,31,33,34,36,38,39,40,41,43,45,46,47,52,53,58,59,61,62,66,68,69,71,72,75,76,79,81,87,88,89,90,91,92,93,94,95,96,97,98,99,100,104,105,106,107,108,109,111,112,114,115,117,118
59,1,3,5,6,7,8,10,11,13,14,18,19,21,22,24,26,27,28,30,31,33,34,36,38,39,40,41,43,45,46,47,52,53,58,59,61,62,66,68,69,71,72,75,76,79,81,82,87,88,89,90,91,92,94,95,96,97,98,99,100,104,105,106,107,108,109,112,114,115,117,118
60,1,3,5,6,7,8,10,11,13,14,17,18,19,21,22,26,27,28,30,31,33,34,36,38,39,40,41,43,45,46,47,52,53,58,59,61,62,66,68,69,71,72,75,76,79,81,87,88,89,90,91,92,94,95,96,97,98,99,100,104,105,106,107,108,109,111,112,114,115,117,118
61,1,3,5,6,7,8,10,11,13,14,18,19,21,22,26,27,28,30,31,33,34,36,38,39,40,41,43,44,45,46,47,52,53,58,59,61,62,66,68,69,71,72,75,76,79,81,82,83,87,88,89,90,91,92,93,94,95,96,97,98,99,100,104,105,106,107,108,109,111,112,114,115,117,118
62,1,3,5,6,7,8,10,11,13,14,18,19,21,22,26,27,28,30,31,33,34,36,38,39,40,41,43,44,45,46,47,52,53,58,59,61,62,66,68,69,71,72,75,76,79,81,82,83,87,88,89,90,91,92,93,94,95,96,97,98,99,100,104,105,106,107,108,109,112,113,114,115,118
63,1,3,5,6,7,8,10,11,13,14,18,19,21,22,26,27,28,30,31,33,34,36,38,39,40,41,43,44,45,46,47,52,53,58,59,61,62,66,68,69,71,72,75,76,79,81,82,83,87,88,89,90,91,92,93,94,95,96,97,98,99,100,105,106,107,108,109,112,113,114,115,117,118
64,1,3,5,6,7,8,10,11,13,14,17,18,19,21,22,26,27,28,30,31,33,34,36,38,39,40,41,43,44,45,46,47,52,53,58,59,61,62,66,68,69,71,72,75,76,79,81,82,83,87,88,89,90,91,92,93,94,95,96,97,98,100,104,105,106,107,108,109,112,113,114,115,116,117,118
65,1,3,5,6,7,8,10,11,13,14,18,19,21,22,26,27,28,30,31,33,34,36,38,39,40,41,43,44,45,46,47,52,53,58,59,61,62,66,68,69,71,72,75,76,79,81,82,83,87,88,89,90,91,92,94,95,96,97,98,99,100,104,105,106,107,108,109,111,112,114,115,116,117,118
66,1,3,5,6,7,8,10,11,13,14,18,19,21,22,26,27,28,30,31,33,34,36,38,39,40,41,43,45,46,47,52,53,56,58,59,61,62,66,68,69,71,72,75,76,79,81,82,83,87,88,89,90,91,92,93,94,95,96,97,98,99,100,104,105,106,107,108,109,112,114,115,116,117,118
67,1,3,5,6,7,8,10,11,13,14,18,19,21,22,26,27,28,30,31,33,34,36,38,39,40,41,43,44,45,46,47,52,53,58,59,61,62,66,68,69,71,72,75,76,79,81,82,87,88,89,90,91,92,93,94,95,96,97,98,99,100,104,105,106,107,108,109,111,112,114,115,116,117,118
68,1,3,5,6,7,8,10,11,13,14,18,19,21,22,26,27,28,30,31,33,34,36,38,39,40,41,43,45,46,47,52,53,58,59,60,61,62,66,68,69,71,72,75,76,79,81,82,83,87,88,89,90,91,92,93,94,95,96,97,98,99,100,104,105,106,107,108,109,112,114,115,116,117,118
69,1,3,5,6,7,8,10,11,13,14,18,19,21,22,26,27,28,30,31,33,34,36,38,39,40,41,43,44,45,46,47,52,53,58,59,61,62,68,69,71,72,75,76,79,81,82,83,87,88,89,90,91,92,93,94,95,96,97,98,99,100,104,105,106,107,108,109,111,112,113,114,115,116,117,118
70,1,3,5,6,7,8,10,11,13,14,18,19,21,22,26,27,28,30,31,33,34,36,38,39,40,41,43,44,45,46,47,52,53,58,59,61,62,66,68,69,71,72,75,76,79,81,82,87,88,89,90,91,92,93,94,95,96,97,98,99,100,105,106,107,108,109,112,113,114,115,116,117,118
71,1,3,5,6,7,8,10,11,13,14,17,18,19,21,22,26,27,30,31,33,34,36,38,39,40,41,43,45,46,47,52,53,58,59,61,62,66,68,69,71,72,75,76,79,81,82,83,87,88,89,90,91,92,93,94,95,96,97,98,99,100,104,105,106,107,108,109,112,113,114,115,116,117,118
72,1,3,5,6,7,8,10,11,13,14,18,19,21,22,26,27,28,30,31,33,34,36,38,39,40,41,43,45,46,47,52,53,58,59,61,62,66,68,69,71,72,73,75,76,79,81,82,83,87,88,89,90,91,92,93,94,95,96,97,98,99,100,104,106,107,108,109,112,113,114,115,116,117,118
73,1,3,5,6,7,8,10,11,13,14,18,19,21,22,26,27,28,30,31,33,34,36,38,39,40,41,43,45,46,47,52,53,58,59,60,61,62,66,68,69,71,72,75,76,79,81,82,83,87,88,89,90,91,92,93,94,96,97,98,99,100,104,105,106,107,108,109,111,112,114,115,117,118
74,1,3,5,6,7,8,10,11,13,14,18,19,21,22,26,27,28,30,31,33,34,36,38,39,40,41,43,45,46,47,52,53,58,59,60,61,62,66,68,69,71,72,75,76,79,81,82,83,87,88,89,90,91,92,94,95,96,97,98,99,100,104,105,106,107,108,109,111,112,114,115,117,118
75,1,3,5,6,7,8,10,11,13,14,17,18,19,21,22,26,27,30,31,33,34,36,38,39,40,41,43,45,46,47,52,53,58,59,61,62,66,68,69,71,72,75,76,79,81,82,83,87,88,89,90,91,92,94,95,96,97,98,99,100,104,105,106,107,108,109,112,113,114,115,116,117,118
76,1,3,5,6,7,8,10,11,13,14,18,19,21,22,26,27,28,30,31,33,34,36,38,39,40,41,43,45,46,47,52,53,58,59,61,62,66,68,69,71,72,73,75,76,79,81,82,83,87,88,89,90,91,92,94,95,96,97,98,99,100,104,105,106,107,108,109,112,113,114,115,116,117,118
77,1,3,5,6,7,8,10,11,13,14,18,19,21,22,26,27,28,30,31,33,34,36,38,39,40,41,43,45,46,47,52,53,58,59,60,61,62,66,68,69,71,72,75,76,79,81,82,87,88,89,90,91,92,93,94,95,96,97,98,99,100,104,105,106,107,108,109,111,112,114,115,117,118
78,1,3,5,6,7,8,10,11,13,14,18,19,21,22,26,27,28,30,31,33,34,36,38,39,40,41,43,45,46,47,52,53,58,59,60,61,62,66,68,69,71,72,75,76,79,81,82,87,88,89,90,91,92,93,94,95,96,97,98,99,100,104,105,106,107,108,109,112,113,114,115,117,118
79,1,3,5,6,7,8,10,11,13,14,18,19,21,22,26,27,30,31,33,34,36,38,39,40,41,43,44,45,46,47,52,53,56,58,59,61,62,66,68,69,71,72,75,76,79,81,82,83,87,88,89,90,91,92,93,94,95,96,97,98,99,100,104,105,106,107,108,109,112,113,114,115,116,117,118
80,1,3,5,6,7,8,10,11,13,14,18,19,21,22,26,27,28,30,31,33,34,36,38,39,40,41,43,45,46,47,52,53,58,59,61,62,66,68,69,71,72,75,76,79,81,82,83,87,88,89,90,91,92,93,94,95,96,97,98,99,100,104,105,106,107,108,109,111,112,113,114,115,116,117,118
81,1,3,5,6,7,8,10,11,13,14,18,19,21,22,26,27,30,31,33,34,36,38,39,40,41,43,45,46,47,52,53,56,58,59,60,61,62,66,68,69,71,72,75,76,79,81,82,83,87,88,89,90,91,92,93,94,95,96,97,98,99,100,104,105,106,107,108,109,112,113,114,115,116,117,118
82,1,3,5,6,7,8,10,11,13,14,18,19,21,22,26,27,30,31,33,34,36,38,39,40,41,43,45,46,47,52,53,56,58,59,60,61,62,66,68,69,71,72,75,76,79,81,82,87,88,89,90,91,92,93,94,95,96,97,98,99,100,104,105,106,107,108,109,112,113,114,115,116,117,118
83,1,3,5,6,7,8,10,11,13,14,18,19,21,22,26,27,30,31,33,34,36,38,39,40,41,43,45,46,47,52,53,58,59,60,61,62,66,68,69,71,72,73,75,76,79,81,82,83,87,88,89,90,91,92,94,95,96,97,98,99,100,104,105,106,107,108,109,111,112,113,114,115,116,117,118
84,1,3,5,6,7,8,10,11,13,14,18,19,21,22,26,27,30,31,33,34,36,38,39,40,41,43,45,46,47,49,52,53,58,59,61,62,66,68,69,71,72,75,76,79,81,82,83,87,88,89,90,91,92,93,94,95,96,97,98,99,100,104,105,106,107,108,109,111,112,113,114,115,116,117,118
85,1,3,5,6,7,8,10,11,13,14,18,19,21,22,26,27,28,30,31,33,34,36,38,39,40,43,45,46,47,52,53,58,59,60,61,62,66,68,69,71,72,75,76,79,81,82,83,87,88,89,90,91,92,94,95,96,97,98,99,100,104,105,106,107,108,109,111,112,113,114,115,117,118
86,1,3,5,6,7,8,10,11,13,14,18,19,21,22,26,27,28,30,31,33,34,36,38,39,40,43,45,46,47,52,53,58,59,60,61,62,66,68,69,71,72,75,76,79,81,82,87,88,89,90,91,92,93,94,95,96,97,98,99,100,104,105,106,107,108,109,111,112,113,114,115,117,118
87,1,3,5,6,7,8,10,11,13,14,18,19,21,22,26,27,28,30,31,33,36,38,39,40,41,43,45,46,47,52,53,58,59,60,61,62,66,68,69,71,72,75,76,79,81,82,87,88,89,90,91,92,93,94,95,96,97,98,99,100,104,105,106,107,108,109,111,112,113,114,115,116,117,118
88,1,3,5,6,7,8,10,11,13,14,18,19,21,22,26,27,28,30,31,33,34,36,38,39,40,43,45,46,47,52,53,58,59,60,61,62,66,68,69,71,72,75,76,79,81,82,87,88,89,90,91,92,94,95,96,97,98,99,100,104,105,106,107,108,109,111,112,113,114,115,116,117,118
89,1,3,5,6,7,8,10,11,13,14,18,19,21,22,27,28,30,31,33,34,36,38,39,40,41,43,45,46,47,52,53,58,59,60,61,62,66,68,69,71,72,75,76,79,81,82,83,87,88,89,90,91,92,94,95,96,97,98,99,100,104,105,106,107,108,109,111,112,113,114,115,116,117,118
90,1,3,5,6,7,8,10,11,13,14,18,19,21,22,26,27,28,30,31,33,34,36,38,39,40,43,45,46,47,52,53,58,59,60,61,62,66,68,69,71,72,76,79,81,82,87,88,89,90,91,92,93,94,95,96,97,98,99,100,104,105,106,107,108,109,111,112,113,114,115,116,117,118
91,1,3,5,6,7,8,10,11,13,14,18,19,21,22,27,28,30,31,33,34,36,38,39,40,41,43,45,46,47,52,53,58,59,60,61,62,66,68,69,71,72,75,76,79,81,82,87,88,89,90,91,92,93,94,95,96,97,98,99,100,104,105,106,107,108,109,111,112,113,114,115,116,117,118
92,1,3,5,6,7,8,10,11,13,14,18,19,21,22,26,27,30,31,33,36,38,39,40,41,43,45,46,47,52,53,56,58,59,60,61,62,66,68,69,71,72,75,76,79,81,82,83,87,88,89,90,91,92,93,94,95,96,97,98,99,100,104,105,106,107,108,109,111,112,113,114,115,116,117,118
93,1,3,5,6,7,8,10,11,13,14,18,19,21,22,26,27,30,31,33,34,36,38,39,40,41,43,45,46,47,52,53,56,58,59,61,66,68,69,71,72,75,76,78,79,81,82,87,88,89,90,91,92,93,94,95,96,97,98,99,100,104,105,106,107,108,109,112,113,114,115,116,117,118
94,1,3,5,6,7,8,10,11,13,14,18,19,21,22,26,27,30,31,33,34,36,38,39,40,41,43,45,46,47,52,53,58,59,60,61,66,68,69,71,72,75,76,78,79,81,82,83,87,88,89,90,91,92,94,95,96,97,98,99,100,104,105,106,107,108,109,112,113,114,115,116,117,118
95,1,3,5,6,7,8,10,11,13,14,18,19,21,22,27,28,30,31,33,34,36,38,39,40,41,43,45,46,47,52,53,58,59,60,61,66,68,69,71,72,75,76,79,81,82,83,87,88,89,90,91,92,93,94,95,96,97,98,99,100,104,105,106,107,108,109,111,112,113,114,115,116,117,118
96,1,3,5,6,7,8,10,11,13,14,18,19,21,22,27,28,30,31,33,34,36,38,39,40,41,43,45,46,47,52,53,58,59,61,62,66,68,69,71,72,75,76,78,79,81,82,87,88,89,90,91,92,93,94,95,96,97,98,99,100,105,106,107,108,109,111,112,113,114,115,116,117,118
97,1,3,5,6,7,8,10,11,13,14,18,19,21,22,26,27,30,31,33,36,38,39,40,41,43,45,46,47,52,53,58,59,60,61,62,66,68,69,71,72,75,76,78,79,81,82,83,87,88,89,90,91,92,93,94,95,96,97,98,99,100,104,105,106,107,108,109,111,112,113,114,115,116,117,118
98,1,5,6,7,8,10,11,13,14,17,18,19,21,22,23,26,27,28,30,31,33,34,36,38,39,40,41,43,45,46,47,52,53,58,59,61,62,66,68,69,71,72,75,76,79,81,82,83,87,88,89,90,91,92,93,94,95,96,97,98,99,100,104,105,106,107,108,109,111,112,114,115,117,118
99,1,5,6,7,8,10,11,13,14,17,18,19,21,22,26,27,28,30,31,33,34,36,38,39,40,41,43,44,45,46,47,52,53,56,58,59,61,62,66,68,69,71,72,75,76,79,81,82,83,87,88,89,90,91,92,93,94,95,96,97,98,99,100,104,105,106,107,108,109,111,112,114,115,117,118
100,1,5,6,7,8,10,11,13,14,17,18,19,21,22,26,27,28,30,31,33,34,36,38,39,40,41,43,44,45,46,47,52,53,58,59,60,61,62,66,68,69,71,72,75,76,79,81,82,83,87,88,89,90,91,92,93,94,95,96,97,98,99,100,104,105,106,107,108,109,111,112,114,115,117,118
101,1,5,6,7,8,10,11,13,14,17,18,19,21,22,26,27,28,30,31,33,34,36,38,39,40,41,43,44,45,46,47,52,53,58,59,61,62,66,68,69,71,72,73,75,76,79,81,82,83,87,88,89,90,91,92,93,94,95,96,97,98,99,100,104,105,106,107,108,109,112,113,114,115,116,117,118
102,1,5,6,7,8,10,11,13,14,18,19,21,22,23,26,27,28,30,31,33,34,36,38,39,40,41,43,44,45,46,47,52,53,58,59,60,61,62,66,68,69,71,72,75,76,79,81,82,83,87,88,89,90,91,92,93,94,95,96,97,98,99,100,104,105,106,107,108,109,111,112,114,115,116,117,118
103,1,5,6,7,8,10,11,13,14,17,18,19,21,22,26,27,28,30,31,33,34,36,38,39,40,41,43,44,45,46,47,52,53,56,58,59,61,62,66,68,69,71,72,75,76,79,81,82,87,88,89,90,91,92,93,94,95,96,97,98,99,100,104,105,106,107,108,109,111,112,114,115,116,117,118
104,1,5,6,7,8,10,11,13,14,17,18,19,21,22,26,27,28,30,31,33,34,36,38,39,40,41,43,44,45,46,47,52,53,58,59,60,61,62,66,68,69,71,72,75,76,79,81,82,83,87,88,89,90,91,92,94,95,96,97,98,99,100,104,105,106,107,108,109,111,112,114,115,116,117,118
105,1,5,6,7,8,10,11,13,14,17,18,19,21,22,26,27,28,30,31,33,34,36,38,39,40,41,43,45,46,47,52,53,56,58,59,60,61,62,66,68,69,71,72,75,76,79,81,82,83,87,88,89,90,91,92,93,94,95,96,97,98,99,100,104,105,106,107,108,109,112,114,115,116,117,118
106,1,5,6,7,8,10,11,13,14,17,18,19,21,22,26,27,28,30,31,33,34,36,38,39,40,41,43,44,45,46,47,52,53,58,59,60,61,62,66,68,69,71,72,75,76,79,81,82,83,87,88,89,90,91,92,93,94,95,96,97,99,100,104,105,106,107,108,109,112,113,114,115,117,118
107,1,5,6,7,8,10,11,13,14,17,18,19,21,22,26,27,28,30,31,33,34,36,38,39,40,41,43,44,45,46,47,52,53,58,59,60,61,62,66,68,69,71,72,75,76,79,81,82,87,88,89,90,91,92,93,94,95,96,97,98,99,100,104,105,106,107,108,109,111,112,114,115,116,117,118
108,1,5,6,7,8,10,11,13,14,17,18,19,21,22,26,27,28,30,31,33,34,36,38,39,40,41,43,45,46,47,52,53,58,59,60,61,62,66,68,69,71,72,73,75,76,79,81,82,83,87,88,89,90,91,92,93,94,95,96,97,98,99,100,104,105,106,107,108,109,111,112,114,115,116,117,118
109,1,5,6,7,8,10,11,13,14,17,18,19,21,22,26,27,28,30,31,33,34,36,38,39,40,41,43,44,45,46,47,52,53,58,59,60,61,62,68,69,71,72,75,76,79,81,82,83,87,88,89,90,91,92,93,94,95,96,97,98,99,100,104,105,106,107,108,109,111,112,113,114,115,116,117,118
110,1,5,6,7,8,10,11,13,14,17,18,19,21,22,26,27,28,30,31,33,34,36,38,39,40,41,43,44,45,46,47,52,53,58,59,61,62,66,68,69,71,72,75,76,79,81,82,83,87,88,89,90,91,92,93,94,95,96,97,98,99,100,104,105,106,107,108,109,111,112,113,114,115,116,117,118
111,1,5,6,7,8,10,11,13,14,17,18,19,21,22,26,27,28,30,31,33,34,36,38,39,40,41,43,45,46,47,52,53,56,58,59,61,62,66,68,69,71,72,73,75,76,79,81,82,87,88,89,90,91,92,93,94,95,96,97,98,99,100,104,105,106,107,108,109,112,113,114,115,116,117,118
112,1,5,6,7,8,10,11,13,14,17,18,19,21,22,26,27,28,30,31,33,34,36,38,39,40,41,43,45,46,47,52,53,58,59,60,61,62,66,68,69,71,72,73,75,76,79,81,82,83,87,88,89,90,91,92,94,95,96,97,98,99,100,104,105,106,107,108,109,112,113,114,115,116,117,118
113,1,5,6,7,8,10,11,13,14,17,18,19,21,22,26,27,28,30,31,33,34,36,38,39,40,41,43,45,46,47,49,52,53,58,59,61,62,66,68,69,71,72,75,76,79,81,82,83,87,88,89,90,91,92,93,94,95,96,97,98,99,100,104,105,106,107,108,109,112,113,114,115,116,117,118
114,1,5,6,7,8,10,11,13,14,17,18,19,21,22,26,27,30,31,33,34,36,38,39,40,41,43,44,45,46,47,52,53,56,58,59,60,61,62,66,68,69,71,72,75,76,79,81,82,83,87,88,89,90,91,92,93,94,95,96,97,98,99,100,104,105,106,107,108,109,112,113,114,115,116,117,118
115,1,5,6,7,8,10,11,13,14,17,18,19,21,22,26,27,28,30,31,33,34,36,38,39,40,41,43,45,46,47,52,53,58,59,60,61,62,66,68,69,71,72,75,76,79,81,82,83,87,88,89,90,91,92,93,94,95,96,97,98,99,100,104,105,106,107,108,109,111,112,113,114,115,116,117,118
116,1,5,6,7,8,10,11,13,14,17,18,19,21,22,26,27,28,30,31,33,34,36,38,39,40,41,43,45,46,47,49,52,53,58,59,61,62,66,68,69,71,72,75,76,79,81,82,87,88,89,90,91,92,94,95,96,97,98,99,100,104,105,106,107,108,109,111,112,113,114,115,116,117,118
117,1,5,6,7,8,10,11,13,14,18,19,21,22,26,27,28,30,31,33,34,36,38,39,40,41,43,44,45,46,47,49,52,53,58,59,60,61,62,66,68,69,71,72,75,76,79,81,82,83,87,88,89,90,91,92,94,95,96,97,98,99,100,104,105,106,107,108,109,111,112,113,114,115,116,117,118
118,1,5,6,7,8,10,11,13,14,17,18,19,21,22,26,27,28,30,31,33,34,36,38,39,40,41,43,44,45,46,47,49,52,53,56,58,59,60,61,62,66,68,69,71,72,75,76,79,81,82,83,87,88,89,90,91,92,93,94,95,96,97,98,99,100,104,105,106,107,108,109,110,112,113,114,115,116,117,118
119,1,5,6,7,8,10,11,13,14,18,19,21,22,26,27,28,30,31,33,34,36,38,39,40,41,43,44,45,46,47,52,53,58,59,60,61,62,66,68,69,71,72,75,76,78,79,81,82,83,87,88,89,90,91,92,93,94,95,96,97,98,99,100,104,105,106,107,108,109,111,112,113,114,115,116,117,118
120,1,5,6,7,8,10,11,13,14,18,19,21,22,26,27,28,30,31,33,34,36,38,39,40,41,43,44,45,46,47,49,52,53,58,59,60,61,62,66,68,69,71,72,75,76,79,81,82,87,88,89,90,91,92,93,94,95,96,97,98,99,100,104,105,106,107,108,109,111,112,113,114,115,116,117,118
121,1,5,6,7,8,10,11,13,14,18,19,21,22,26,27,28,30,31,33,34,36,38,39,40,41,43,45,46,47,49,52,53,58,59,60,61,62,66,68,69,71,72,73,75,76,79,81,82,83,87,88,89,90,91,92,93,94,95,96,97,98,99,100,104,105,106,107,108,109,111,112,113,114,115,116,117,118
122,1,5,6,7,8,10,11,13,14,18,19,21,22,26,27,28,30,31,33,34,36,38,39,40,41,43,45,46,47,49,52,53,58,59,60,61,62,66,68,69,71,72,75,76,78,79,81,82,83,87,88,89,90,91,92,94,95,96,97,98,99,100,104,105,106,107,108,109,112,113,114,115,116,117,118
123,1,5,6,7,8,10,11,13,14,18,19,21,22,26,27,28,30,31,33,34,36,38,39,40,41,43,45,46,47,49,52,53,58,59,60,61,62,66,68,69,71,72,75,76,78,79,81,82,87,88,89,90,91,92,93,94,95,96,97,98,99,100,104,105,106,107,108,109,112,113,114,115,116,117,118
124,1,5,6,7,8,10,11,13,14,18,19,21,22,26,27,28,30,31,33,34,35,36,38,39,40,41,43,45,46,47,52,53,58,59,60,61,62,66,68,69,71,72,75,76,78,79,81,82,87,88,89,90,91,92,94,95,96,97,98,99,100,105,106,107,108,109,111,112,113,114,115,117,118
125,1,5,6,7,8,10,11,13,14,18,19,21,22,26,27,28,30,31,33,34,36,38,39,40,41,43,44,45,46,47,49,52,53,58,59,61,62,66,68,69,71,72,76,78,79,81,82,87,88,89,90,91,92,93,94,95,96,97,98,99,100,104,105,106,107,108,109,111,112,113,114,115,116,117,118
126,1,5,6,7,8,10,11,13,14,18,19,21,22,26,27,30,31,33,34,36,38,39,40,41,43,44,45,46,47,49,52,53,58,59,60,61,62,66,68,69,71,72,75,76,78,79,81,82,83,87,88,89,90,91,92,93,94,95,96,97,98,99,100,104,105,106,107,108,109,111,112,113,114,115,116,117,118
127,1,5,6,7,8,10,11,13,14,18,19,21,22,26,27,28,30,31,33,34,36,38,39,40,41,43,45,46,47,50,52,53,58,59,60,61,62,66,68,69,71,75,76,78,79,81,82,83,87,88,89,90,91,92,93,94,95,96,97,98,99,100,104,105,106,107,108,109,111,112,113,114,115,117,118
128,1,5,6,7,8,10,11,13,14,18,19,21,22,26,27,28,30,31,33,34,36,38,39,40,41,43,45,46,47,49,50,52,53,58,59,60,61,62,66,68,69,71,75,76,79,81,82,87,88,89,90,91,92,93,94,95,96,97,98,99,100,104,105,106,107,108,109,111,112,113,114,115,117,118
129,1,5,6,7,8,10,11,13,14,18,19,21,22,26,27,28,30,31,33,34,36,38,39,40,41,43,45,46,47,49,52,53,58,59,60,61,62,66,68,69,71,72,75,76,78,79,81,82,83,87,88,89,90,91,92,94,96,97,98,99,100,104,105,106,107,108,109,111,112,113,114,115,117,118
130,1,5,6,7,8,10,11,13,14,18,19,21,22,26,27,28,30,31,33,34,36,38,39,40,41,43,45,46,47,52,53,56,58,59,60,61,62,66,68,69,71,72,75,76,78,79,81,82,87,88,89,90,91,92,93,94,95,96,97,98,99,100,105,106,107,108,109,111,112,113,114,115,116,117,118
131,1,5,6,7,8,10,11,13,14,18,19,21,22,26,27,28,30,31,33,34,36,38,39,40,41,43,45,46,47,50,52,53,58,59,60,61,62,66,68,69,71,72,75,76,78,79,81,82,87,88,89,90,91,92,93,94,95,96,97,98,99,100,105,106,107,108,109,111,112,113,114,115,117,118
132,1,5,6,7,8,10,11,13,14,18,19,21,22,26,27,28,30,31,33,34,36,38,39,40,41,43,45,46,47,52,53,58,59,60,61,62,66,68,69,71,72,75,76,78,79,81,82,83,87,88,89,90,91,92,93,94,95,96,97,98,99,100,104,105,106,107,108,109,110,111,112,113,114,115,116,117,118
133,1,5,6,7,8,10,11,13,14,18,19,21,22,26,27,28,30,31,33,34,36,38,39,40,41,43,45,46,47,49,52,53,58,59,60,61,62,66,68,69,71,72,75,76,78,79,81,82,87,88,89,90,91,92,93,94,95,96,97,98,99,100,104,105,106,107,108,109,111,112,113,114,115,117,118
134,1,5,6,7,8,10,11,13,14,18,19,21,22,26,27,30,31,33,34,36,38,39,40,41,43,45,46,47,49,52,53,56,58,59,60,61,62,66,68,69,71,72,75,76,78,79,81,82,83,87,88,89,90,91,92,93,94,95,96,97,98,99,100,104,105,106,107,108,109,111,112,113,114,115,117,118
135,1,5,6,7,8,10,11,13,14,18,19,21,22,26,27,28,30,31,33,34,36,38,39,40,41,43,45,46,47,49,52,53,58,59,60,61,62,66,68,69,71,72,75,76,78,79,81,82,87,88,89,90,91,92,93,94,95,96,97,98,99,100,104,105,106,107,108,109,111,112,113,114,115,117,118
136,1,5,6,7,8,10,11,13,14,18,19,21,22,26,27,28,30,31,33,34,36,38,39,40,41,43,45,46,47,49,52,53,58,59,60,61,62,66,68,69,71,72,75,76,78,79,81,82,87,88,89,90,91,92,93,94,95,96,97,98,99,100,104,105,106,107,108,109,111,112,113,114,115,117,118
137,1,5,6,7,8,10,11,13,14,18,19,21,22,26,27,28,30,31,33,34,36,38,39,40,41,43,45,46,47,49,52,53,56,58,59,60,61,66,68,69,71,72,75,76,79,81,82,87,88,89,90,91,92,94,95,96,97,98,99,100,104,105,106,107,108,109,111,112,113,114,115,116,117,118
138,1,5,6,7,8,10,11,13,14,18,19,21,22,26,27,28,30,31,33,34,36,38,39,40,43,45,46,47,49,52,53,58,59,60,61,62,66,68,69,71,72,75,76,78,79,81,82,83,87,88,89,90,91,92,93,94,95,96,97,98,99,100,104,105,106,107,108,109,111,112,113,114,115,116,117,118
139,1,5,6,7,8,10,11,13,14,18,19,21,22,26,27,28,30,31,33,34,36,38,39,40,41,43,45,46,47,49,52,53,58,59,60,61,66,68,69,71,72,75,76,78,79,81,82,87,88,89,90,91,92,93,94,95,96,97,98,99,100,104,105,106,107,108,109,111,112,113,114,115,117,118
140,1,5,6,7,8,10,11,13,14,18,19,21,22,26,27,28,30,31,33,34,36,38,39,40,41,43,45,46,47,49,52,53,56,58,59,60,61,66,68,69,71,72,75,76,78,79,81,82,87,88,89,90,91,92,93,94,95,96,97,98,99,100,104,105,106,107,108,109,111,112,113,114,115,116,117,118
141,1,5,6,7,8,10,11,13,14,17,18,19,21,22,27,30,31,33,34,36,38,39,40,41,43,45,46,47,52,53,56,58,59,60,61,62,66,68,69,71,72,75,76,78,79,81,82,83,87,88,89,90,91,92,93,94,95,96,97,98,99,100,104,105,106,107,108,109,111,112,113,114,115,116,117,118
142,1,5,6,7,8,10,11,13,14,18,19,21,22,26,27,30,31,33,34,36,38,39,40,41,43,45,46,47,49,52,53,56,58,59,60,61,62,66,68,69,71,72,75,76,78,79,81,82,87,88,89,90,91,92,93,94,95,96,97,98,99,100,104,105,106,107,108,109,111,112,113,114,115,116,117,118
143,1,5,6,7,8,10,11,13,14,18,19,21,22,26,27,28,30,31,33,34,36,38,39,40,41,43,45,46,47,49,52,53,56,58,59,60,61,66,68,69,71,72,76,79,81,82,87,88,89,90,91,92,93,94,95,96,97,98,99,100,104,105,106,107,108,109,111,112,113,114,115,116,117,118
144,1,5,6,7,8,10,11,13,14,18,19,21,22,26,27,28,30,31,33,34,36,38,39,40,41,43,45,46,47,49,52,53,58,59,60,61,62,66,68,69,71,72,76,78,79,81,82,87,88,89,90,91,92,94,95,96,97,98,99,100,104,105,106,107,108,109,111,112,113,114,115,116,117,118
145,1,5,6,7,8,10,11,13,14,18,19,21,22,26,27,28,30,31,33,34,36,38,39,40,41,43,45,46,47,49,52,53,58,59,60,61,62,66,68,71,72,76,78,79,81,82,87,88,89,90,91,92,93,94,95,96,97,98,99,100,105,106,107,108,109,111,112,113,114,115,116,117,118
146,1,5,6,7,8,10,11,13,14,18,19,21,22,26,27,28,30,31,33,34,36,38,39,40,41,43,45,46,47,49,52,53,58,59,60,61,66,68,69,71,72,76,78,79,81,82,87,88,89,90,91,92,94,95,96,97,98,99,100,104,105,106,107,108,109,111,112,113,114,115,116,117,118
147,1,5,6,7,8,10,11,13,14,18,19,21,22,26,27,28,30,31,33,34,36,38,39,40,41,43,45,46,47,49,52,53,58,59,60,61,66,68,69,71,72,76,78,79,81,82,87,88,89,90,91,92,93,94,95,96,97,99,100,105,106,107,108,109,111,112,113,114,115,116,117,118
148,1,5,6,7,8,10,11,13,14,18,19,21,22,27,28,30,31,33,34,36,38,39,40,41,43,45,46,47,49,50,52,53,58,59,61,66,68,69,71,72,75,76,78,79,81,82,83,87,88,89,90,91,92,93,94,95,96,97,98,99,100,104,105,106,107,108,109,111,112,113,114,115,116,117,118
149,1,5,6,7,8,10,11,13,14,18,19,21,22,26,27,30,31,33,34,36,38,39,40,41,43,45,46,47,49,50,52,53,58,59,60,61,66,68,69,71,72,75,76,78,79,81,82,87,88,89,90,91,92,94,95,96,97,98,99,100,104,105,106,107,108,109,111,112,113,114,115,116,117,118
150,1,5,6,7,8,10,11,13,17,18,19,21,22,26,27,28,30,31,33,34,36,38,39,40,41,43,45,46,47,52,53,58,59,60,61,66,68,69,71,72,75,76,78,79,81,82,83,87,88,89,90,91,92,93,94,95,96,97,98,99,100,104,105,106,107,108,109,112,113,114,115,116,117,118
151,1,5,6,7,8,10,11,13,14,18,19,21,22,26,27,28,30,31,33,34,36,38,39,40,41,43,45,46,47,49,52,53,58,59,60,61,66,68,71,72,76,78,79,81,82,87,88,89,90,91,92,93,94,95,96,97,98,99,100,104,105,106,107,108,109,111,112,113,114,115,116,117,118
152,1,5,6,7,8,10,11,13,18,19,21,22,26,27,28,30,31,33,34,36,38,39,40,41,43,44,45,46,47,49,52,53,58,59,60,61,62,66,68,69,71,72,75,76,78,79,81,82,87,88,89,90,91,92,93,94,95,96,97,98,99,100,104,105,106,107,108,109,112,113,114,115,116,117,118
153,1,5,6,7,8,10,11,13,17,18,19,21,22,26,27,28,30,31,33,36,38,39,40,41,43,45,46,47,49,52,53,58,59,60,61,62,66,68,69,71,72,75,76,79,81,82,83,87,88,89,90,91,92,93,94,95,96,97,98,99,100,104,105,106,107,108,109,111,112,113,114,115,116,117,118
154,1,5,6,7,8,10,11,13,14,18,19,21,22,26,27,30,31,33,34,36,38,39,40,41,43,45,46,47,49,50,52,53,58,59,60,61,66,68,69,71,72,76,78,79,81,82,87,88,89,90,91,92,93,94,95,96,97,98,99,100,104,105,106,107,108,109,111,112,113,114,115,116,117,118
155,1,5,6,7,8,10,11,13,18,19,21,22,26,27,28,30,31,33,34,36,38,39,40,41,43,45,46,47,49,52,53,56,58,59,60,61,62,66,68,69,71,72,75,76,79,81,82,83,87,88,89,90,91,92,93,94,95,96,97,98,99,100,104,105,106,107,108,109,111,112,113,114,115,116,117,118
156,1,5,6,7,8,10,11,13,14,19,21,22,26,27,28,30,31,33,34,36,38,39,40,41,43,45,46,47,49,52,53,58,59,60,61,62,66,68,69,71,72,75,76,78,79,81,82,83,87,88,89,90,91,92,94,95,96,97,98,99,100,104,105,106,107,108,109,111,112,113,114,115,116,117,118
157,1,5,6,7,8,10,11,13,14,19,21,22,26,27,28,30,31,33,34,36,38,39,40,41,43,45,46,47,49,52,53,58,59,60,61,62,66,68,69,71,72,75,76,78,79,81,82,87,88,89,90,91,92,93,94,95,96,97,98,99,100,104,105,106,107,108,109,111,112,113,114,115,116,117,118
158,1,5,6,7,8,10,11,13,18,19,21,22,26,27,28,30,31,33,34,36,38,39,40,41,43,45,46,47,50,52,53,56,58,59,61,62,66,68,69,71,72,75,76,78,79,81,82,83,87,88,89,90,91,92,93,94,95,96,97,98,99,100,104,105,106,107,108,109,111,112,113,114,115,116,117,118
159,1,5,6,7,8,10,11,13,17,18,19,21,22,26,27,30,31,33,34,36,38,39,40,41,43,45,46,47,52,53,56,58,59,60,61,62,66,68,69,71,72,75,76,78,79,81,82,87,88,89,90,91,92,93,94,95,96,97,98,99,100,104,105,106,107,108,109,111,112,113,114,115,116,117,118
160,1,5,6,7,8,10,11,13,18,19,21,22,26,27,28,30,31,33,34,36,38,39,40,41,43,45,46,47,49,52,53,58,59,60,61,62,66,68,69,71,72,75,76,78,79,81,82,83,87,88,89,90,91,92,93,94,95,96,97,98,99,100,104,105,106,107,108,109,111,112,113,114,115,116,117,118
161,1,5,6,7,8,10,11,13,18,19,21,22,26,27,28,30,31,33,34,36,38,39,40,41,43,45,46,47,49,50,52,53,58,59,61,66,68,69,71,72,75,76,78,79,81,82,87,88,89,90,91,92,93,94,95,96,97,98,99,100,104,105,106,107,108,109,111,112,113,114,115,116,117,118
162,1,5,6,7,8,10,11,13,18,19,21,22,27,28,30,31,33,34,36,38,39,40,41,43,45,46,47,49,52,53,56,58,59,60,61,62,66,68,69,71,72,75,76,78,79,81,82,83,87,88,89,90,91,92,93,94,95,96,97,98,99,100,104,106,107,108,109,111,112,113,114,115,116,117,118
163,1,5,6,7,8,10,11,13,18,19,21,22,27,28,30,31,33,34,36,38,39,40,41,43,45,46,47,49,52,53,56,58,59,60,61,62,66,68,69,71,72,75,76,78,79,81,82,83,87,88,89,90,91,92,94,95,96,97,98,99,100,104,105,106,107,108,109,111,112,113,114,115,116,117,118
164,1,5,6,7,8,10,11,13,18,19,21,22,26,27,28,30,31,33,34,36,38,39,40,43,45,46,47,49,50,52,53,58,59,60,61,62,66,68,69,71,72,75,76,78,79,81,82,87,88,89,90,91,92,94,95,96,97,98,99,100,105,106,107,108,109,111,112,113,114,115,117,118
165,1,5,6,7,8,10,11,13,18,19,21,22,27,28,30,31,33,34,36,38,39,40,41,43,45,46,47,49,52,53,56,58,59,60,61,62,66,68,69,71,72,75,76,78,79,81,82,87,88,89,90,91,92,93,94,95,96,97,98,99,100,104,105,106,107,108,109,111,112,113,114,115,116,117,118
166,1,6,7,8,10,11,13,14,17,18,19,21,22,26,27,30,31,33,34,36,38,39,40,41,43,45,46,47,49,52,53,56,58,59,60,61,62,66,68,69,71,72,75,76,78,79,81,82,87,88,89,90,91,92,93,94,95,96,97,98,99,100,104,105,106,107,108,109,112,113,114,115,116,117,118
167,1,5,6,7,8,10,11,13,18,19,21,22,26,27,28,30,31,33,34,36,38,39,40,43,45,46,47,49,50,52,53,58,59,60,61,62,66,68,69,71,72,76,78,79,81,82,87,88,89,90,91,92,93,94,95,96,97,98,99,100,105,106,107,108,109,111,112,113,114,115,117,118
168,1,5,6,7,8,10,11,13,18,19,21,22,26,27,28,30,31,33,34,36,38,39,40,43,45,46,47,49,52,53,58,59,60,61,62,66,68,69,71,72,75,76,78,79,81,82,87,88,89,90,91,92,94,95,96,97,98,99,100,101,104,105,106,107,108,109,111,112,113,114,115,116,117,118
169,1,6,7,8,10,11,13,14,18,19,21,22,26,27,28,30,31,33,34,36,38,39,40,41,43,45,46,47,49,52,53,56,58,59,60,61,62,66,68,69,71,72,75,76,78,79,81,82,83,87,88,89,90,91,92,93,94,95,96,97,98,99,100,104,105,106,107,108,109,111,112,113,114,115,116,117,118
170,1,5,6,7,8,10,11,13,18,19,21,22,26,27,28,30,31,33,34,36,38,39,40,43,45,46,47,49,50,52,53,58,59,60,61,66,68,69,71,72,75,76,78,79,81,82,87,88,89,90,91,92,94,95,96,97,98,99,100,104,105,106,107,108,109,111,112,113,114,115,117,118
171,1,6,7,8,10,11,13,14,18,19,21,22,26,27,28,30,31,33,34,36,38,39,40,41,43,45,46,47,49,52,53,56,58,59,60,61,62,66,68,69,71,72,75,76,78,79,81,82,83,87,88,89,90,91,92,93,94,95,96,97,98,99,100,104,105,106,107,108,109,111,112,113,114,115,116,117,118
172,1,5,6,7,8,10,11,13,18,19,21,22,27,28,30,31,33,34,36,38,39,40,41,43,45,46,47,49,50,52,53,58,59,60,61,62,66,68,69,71,72,76,78,79,81,82,87,88,89,90,91,92,93,94,95,96,97,98,99,100,104,105,106,107,108,109,111,112,113,114,115,116,117,118
173,1,6,7,8,10,11,13,14,18,19,21,22,26,27,28,30,31,33,34,36,38,39,40,41,43,45,46,47,49,52,53,56,58,59,60,61,62,66,68,69,71,72,75,76,78,79,81,82,87,88,89,90,91,92,93,94,95,96,97,98,99,100,104,105,106,107,108,109,111,112,113,114,115,116,117,118
174,1,5,6,7,8,10,11,13,18,19,21,22,26,27,28,30,31,33,34,36,38,39,40,43,45,46,47,49,52,53,58,59,60,61,62,66,68,71,72,75,76,78,79,81,82,87,88,89,90,91,92,93,94,95,96,97,98,99,100,101,104,105,106,107,108,109,111,112,113,114,115,116,117,118
175,1,5,6,7,8,10,11,13,18,19,21,22,26,27,28,30,31,33,34,36,38,39,40,43,45,46,47,49,50,52,53,58,59,60,61,66,68,69,71,72,76,78,79,81,82,87,88,89,90,91,92,93,94,95,96,97,98,99,100,104,105,106,107,108,109,111,112,113,114,115,117,118
176,1,6,7,8,10,11,13,14,18,19,21,22,26,27,28,30,31,33,34,36,38,39,40,41,43,45,46,47,49,50,52,53,58,59,60,61,62,66,68,69,71,72,75,76,78,79,81,82,87,88,89,90,91,92,94,95,96,97,98,99,100,104,105,106,107,108,109,111,112,113,114,115,116,117,118
177,1,5,6,7,8,10,11,13,18,19,21,22,26,27,28,30,31,33,34,36,38,39,40,43,45,46,47,49,50,52,53,58,59,60,61,66,68,71,72,75,76,78,79,81,82,87,88,89,90,91,92,94,95,96,97,98,99,100,104,105,106,107,108,109,111,112,113,114,115,116,117,118
178,1,6,7,8,10,11,13,14,18,19,21,22,26,27,28,30,31,33,34,36,38,39,40,41,43,45,46,47,49,50,52,53,58,59,60,61,62,66,68,69,71,72,76,78,79,81,82,87,88,89,90,91,92,93,94,95,96,97,98,99,100,104,105,106,107,108,109,111,112,113,114,115,116,117,118
179,1,5,6,7,8,10,11,13,18,19,21,22,26,27,28,30,31,33,34,36,38,39,40,43,45,46,47,49,50,52,53,58,59,60,61,66,68,69,71,72,76,78,79,81,82,87,88,89,90,91,92,94,95,96,97,98,99,100,105,106,107,108,109,111,112,113,114,115,116,117,118
180,1,5,6,7,8,10,11,13,19,21,22,26,27,28,30,31,33,34,36,38,39,40,43,45,46,47,49,50,52,53,58,59,60,61,62,66,68,69,71,72,75,76,78,79,81,82,83,87,88,89,90,91,92,93,94,95,96,97,98,99,100,104,105,106,107,108,109,111,112,113,114,115,117,118
181,1,6,7,8,10,11,13,14,17,18,19,21,22,27,30,31,33,34,36,38,39,40,41,43,45,46,47,49,52,53,56,58,59,60,61,62,66,68,69,71,72,75,76,78,79,81,82,83,87,88,89,90,91,92,93,94,95,96,97,98,99,100,104,105,106,107,108,109,110,111,112,113,114,115,116,117,118
182,1,5,6,7,8,10,11,13,18,19,21,22,26,27,28,30,31,33,34,36,38,39,40,43,45,46,47,49,50,52,53,58,59,60,61,66,68,71,72,76,78,79,81,82,87,88,89,90,91,92,93,94,95,96,97,98,99,100,105,106,107,108,109,111,112,113,114,115,116,117,118
183,1,5,6,7,8,10,11,13,19,21,22,26,27,28,30,31,33,34,36,38,39,40,43,45,46,47,49,50,52,53,58,59,60,61,62,66,68,69,71,72,75,76,78,79,81,82,87,88,89,90,91,92,93,94,95,96,97,98,99,100,104,105,106,107,108,109,111,112,113,114,115,116,117,118
184,1,6,7,8,10,11,13,17,18,19,21,22,26,27,28,30,31,33,34,36,38,39,40,41,43,45,46,47,49,52,53,58,59,60,61,62,66,68,69,71,72,75,76,78,79,81,82,83,87,88,89,90,91,92,93,94,95,96,97,98,99,100,104,105,106,107,108,109,112,113,114,115,116,117,118
185,1,6,7,8,10,11,13,14,18,19,21,22,26,27,30,31,33,34,36,38,39,40,41,43,45,46,47,49,50,52,53,56,58,59,60,61,66,68,69,71,72,75,76,78,79,81,82,83,87,88,89,90,91,92,93,94,95,96,97,98,99,100,104,105,106,107,108,109,111,112,113,114,115,116,117,118
186,1,6,7,8,10,11,13,17,18,19,21,22,26,27,28,30,31,33,34,36,38,39,40,41,43,45,46,47,49,52,53,58,59,60,61,62,66,68,69,71,72,75,76,78,79,81,82,83,87,88,89,90,91,92,94,95,96,97,98,99,100,104,105,106,107,108,109,111,112,113,114,115,117,118
187,1,6,7,8,10,11,13,17,18,19,21,22,26,27,28,30,31,33,34,36,38,39,40,41,43,45,46,47,49,52,53,58,59,60,61,62,66,68,69,71,72,75,76,78,79,81,82,87,88,89,90,91,92,93,94,95,96,97,98,99,100,104,105,106,107,108,109,111,112,113,114,115,117,118
188,1,6,7,8,10,11,13,17,18,19,21,22,26,27,28,30,31,33,34,36,38,39,40,41,43,45,46,47,52,53,56,58,59,60,61,62,66,68,69,71,72,75,76,78,79,81,82,87,88,89,90,91,92,93,94,95,96,97,98,99,100,104,105,106,107,108,109,111,112,113,114,115,116,117,118
189,1,6,7,8,10,11,13,18,19,21,22,23,26,27,28,30,31,33,34,36,38,39,40,41,43,45,46,47,49,52,53,58,59,60,61,62,66,68,69,71,72,75,76,78,79,81,82,87,88,89,90,91,92,93,94,95,96,97,98,99,100,104,105,106,107,108,109,111,112,113,114,115,116,117,118
190,1,6,7,8,10,11,13,14,19,21,22,26,27,28,30,31,33,34,36,38,39,40,41,43,45,46,47,49,50,52,53,58,59,60,61,62,66,68,69,71,72,75,76,78,79,81,82,83,87,88,89,90,91,92,93,94,95,96,97,98,99,100,104,105,106,107,108,109,111,112,113,114,115,116,117,118
191,1,6,7,8,10,11,13,17,18,19,21,22,26,27,28,30,31,33,34,36,38,39,40,41,43,45,46,47,49,52,53,58,59,60,61,62,66,68,69,71,72,75,76,78,79,81,82,87,88,89,90,91,92,94,95,96,97,98,99,100,104,105,106,107,108,109,111,112,113,114,115,116,117,118
192,1,6,7,8,10,11,13,17,18,19,21,22,26,27,28,30,31,33,34,36,38,39,40,41,43,45,46,47,52,53,56,58,59,60,61,66,68,69,71,72,75,76,78,79,81,82,83,87,88,89,90,91,92,93,94,95,96,97,98,99,100,104,105,106,107,108,109,111,112,113,114,115,116,117,118
193,1,6,7,8,10,11,13,17,18,19,21,22,26,27,28,30,31,33,34,36,38,39,40,41,43,45,46,47,49,52,53,56,58,59,60,61,66,68,69,71,72,75,76,79,81,82,87,88,89,90,91,92,93,94,95,96,97,98,99,100,104,105,106,107,108,109,111,112,113,114,115,116,117,118
194,1,6,7,8,10,11,13,18,19,21,22,26,27,28,30,31,33,34,36,38,39,40,41,43,44,45,46,47,49,52,53,56,58,59,60,61,62,66,68,69,71,72,75,76,78,79,81,82,87,88,89,90,91,92,93,94,95,96,97,98,99,100,104,105,106,107,108,109,111,112,113,114,115,116,117,118
195,1,6,7,8,10,11,13,17,18,19,21,22,26,27,28,30,31,33,34,36,38,39,40,41,43,45,46,47,49,52,53,58,59,60,61,62,66,68,69,71,72,76,78,79,81,82,87,88,89,90,91,92,93,94,95,96,97,98,99,100,104,105,106,107,108,109,111,112,113,114,115,116,117,118
196,1,5,6,7,8,10,11,13,19,21,22,26,27,28,30,31,33,34,36,38,39,40,41,43,45,46,47,49,50,52,53,58,59,60,61,66,68,71,72,76,78,79,81,82,87,88,89,90,91,92,94,95,96,97,98,99,100,105,106,107,108,109,111,112,113,114,115,116,117,118
197,1,6,7,8,10,11,13,18,19,21,22,26,27,28,30,31,33,34,36,38,39,40,41,43,44,45,46,47,49,50,52,53,58,59,60,61,62,66,68,69,71,72,75,76,78,79,81,82,83,87,88,89,90,91,92,93,94,95,96,97,98,99,100,104,105,106,107,108,109,111,112,113,114,115,116,117,118
198,1,6,7,8,10,11,13,18,19,21,22,26,27,28,30,31,33,34,36,38,39,40,41,43,45,46,47,49,52,53,56,58,59,60,61,66,68,69,71,72,73,75,76,78,79,81,82,83,87,88,89,90,91,92,93,94,95,96,97,98,99,100,104,105,106,107,108,109,111,112,113,114,115,116,117,118
199,1,6,7,8,10,11,13,17,18,19,21,22,26,27,30,31,33,34,36,38,39,40,41,43,45,46,47,49,52,53,56,58,59,60,61,66,68,69,71,72,75,76,78,79,81,82,83,87,88,89,90,91,92,93,94,95,96,97,98,99,100,104,105,106,107,108,109,111,112,113,114,115,116,117,118
200,1,5,7,8,10,11,13,18,19,21,22,26,27,28,30,31,33,34,36,38,39,40,41,43,45,46,47,49,50,52,53,58,59,60,61,62,66,68,69,71,72,75,76,78,79,81,82,87,88,89,90,91,92,93,94,95,96,97,98,99,100,104,105,106,107,108,109,111,112,113,114,115,116,117,118
201,1,6,7,8,10,11,13,17,18,19,21,22,26,27,28,30,31,33,34,36,38,39,40,41,43,45,46,47,49,52,53,58,59,60,61,62,66,67,68,69,71,72,75,76,78,79,81,82,87,88,89,90,91,92,93,94,95,96,97,98,99,100,104,105,106,107,108,109,111,112,113,114,115,116,117,118
202,1,6,7,8,10,11,13,18,19,21,22,26,27,28,30,31,33,34,36,38,39,40,41,43,45,46,47,49,50,52,53,56,58,59,60,61,62,66,68,69,71,72,75,76,78,79,81,82,83,87,88,89,90,91,92,93,94,95,96,97,98,99,100,104,105,106,107,108,109,111,112,113,114,115,116,117,118
203,1,6,7,8,10,11,13,18,19,21,22,26,27,28,30,31,33,34,36,38,39,40,41,43,45,46,47,49,50,52,53,56,58,59,60,61,62,66,68,69,71,72,75,76,78,79,81,82,87,88,89,90,91,92,93,94,95,96,97,98,99,100,104,105,106,107,108,109,110,111,112,113,114,115,116,117,118
204,1,6,7,8,10,11,13,18,19,21,22,26,27,28,30,31,33,36,38,39,40,41,43,45,46,47,49,50,52,53,56,58,59,60,61,66,68,69,71,72,75,76,78,79,81,82,83,87,88,89,90,91,92,93,94,95,96,97,98,99,100,104,105,106,107,108,109,111,112,113,114,115,116,117,118
205,1,6,7,8,10,11,13,18,19,21,22,26,27,28,30,31,33,34,36,38,39,40,43,45,46,47,49,50,52,53,58,59,60,61,62,66,68,69,71,72,75,76,78,79,81,82,87,88,89,90,91,92,93,94,95,96,97,98,99,100,101,104,105,106,107,108,109,111,112,113,114,115,116,117,118
206,1,6,7,8,10,11,13,18,19,21,22,26,27,28,30,31,33,34,36,38,39,40,41,43,45,46,47,49,50,52,53,58,59,60,61,66,68,69,71,72,76,78,79,81,82,87,88,89,90,91,92,93,94,95,96,97,98,99,100,105,106,107,108,109,110,111,112,113,114,115,116,117,118
207,1,6,7,8,10,11,13,18,19,21,22,26,27,28,30,31,33,34,36,38,39,40,41,43,45,46,47,49,50,52,53,56,58,59,60,61,66,68,71,72,76,78,79,81,82,87,88,89,90,91,92,94,95,96,97,98,99,100,104,105,106,107,108,109,111,112,113,114,115,116,117,118
208,1,6,7,8,10,11,13,19,21,22,26,27,28,30,31,33,34,36,38,39,40,41,43,45,46,47,49,50,52,53,56,58,59,60,61,62,66,68,69,71,72,75,76,78,79,81,82,87,88,89,90,91,92,94,95,96,97,98,99,100,104,105,106,107,108,109,111,112,113,114,115,116,117,118
209,1,6,7,8,10,11,13,19,21,22,26,27,28,30,31,33,34,36,38,39,40,41,43,45,46,47,49,50,52,53,58,59,60,61,62,66,68,69,71,72,75,76,78,79,81,82,83,87,88,89,90,91,92,94,95,96,97,98,99,100,101,104,105,106,107,108,109,111,112,113,114,115,117,118
210,1,6,7,8,10,11,13,18,19,21,22,26,27,28,30,31,33,34,36,38,39,40,41,43,45,46,47,49,50,52,53,58,59,60,61,66,68,71,72,76,78,79,81,82,87,88,89,90,91,92,94,95,96,97,98,99,100,101,104,105,106,107,108,109,111,112,113,114,115,116,117,118
211,1,6,7,8,10,11,13,19,21,22,26,27,28,30,31,33,34,36,38,39,40,41,43,45,46,47,49,50,52,53,56,58,59,60,61,62,66,68,69,71,72,76,78,79,81,82,87,88,89,90,91,92,93,94,95,96,97,98,99,100,104,105,106,107,108,109,111,112,113,114,115,116,117,118
212,1,6,7,8,10,11,13,19,21,22,26,27,28,30,31,33,34,36,38,39,40,41,43,45,46,47,49,50,52,53,58,59,60,61,62,66,68,69,71,72,75,76,78,79,81,82,87,88,89,90,91,92,93,94,95,96,97,98,99,100,101,104,105,106,107,108,109,111,112,113,114,115,117,118
213,1,5,7,8,10,11,13,18,19,21,22,26,27,28,30,31,33,34,36,38,39,40,43,45,46,47,49,50,52,53,58,59,60,61,66,68,69,71,72,76,78,79,81,82,87,88,89,90,91,92,94,95,96,97,98,99,100,101,104,105,106,107,108,109,111,112,113,114,115,116,117,118
214,1,6,7,8,10,11,13,19,21,22,26,27,28,30,31,33,34,36,38,39,40,41,43,45,46,47,49,50,52,53,58,59,60,61,62,66,68,69,71,72,75,76,78,79,81,82,87,88,89,90,91,92,94,95,96,97,98,99,100,101,104,105,106,107,108,109,111,112,113,114,115,116,117,118
215,1,6,7,8,10,11,13,19,21,22,26,27,28,30,31,33,34,36,38,39,40,41,43,45,46,47,49,50,52,53,58,59,60,61,62,66,68,69,71,72,76,78,79,81,82,87,88,89,90,91,92,93,94,95,96,97,98,99,100,101,104,105,106,107,108,109,111,112,113,114,115,116,117,118
216,1,6,7,8,11,13,17,18,19,21,22,26,27,28,30,31,33,36,38,39,40,41,43,45,46,47,49,52,53,56,58,59,60,61,62,66,68,69,71,72,75,76,78,79,81,82,83,87,88,89,90,91,92,93,94,95,96,97,98,99,100,104,105,106,107,108,109,111,112,113,114,115,116,117,118
217,1,6,7,8,10,11,13,18,19,21,22,27,30,31,33,34,36,38,39,40,41,43,45,46,47,49,50,52,53,56,58,59,60,61,66,67,68,69,71,72,75,76,78,79,81,82,87,88,89,90,91,92,93,94,95,96,97,98,99,100,104,105,106,107,108,109,111,112,113,114,115,116,117,118
218,1,6,7,8,11,13,17,18,19,21,22,27,28,30,31,33,34,36,38,39,40,41,43,45,46,47,49,52,53,56,58,59,60,61,62,66,68,69,71,72,73,75,76,78,79,81,82,83,87,88,89,90,91,92,93,94,95,96,97,98,99,100,104,105,106,107,108,109,111,112,113,114,115,116,117,118
219,1,5,7,8,10,11,13,19,21,22,26,27,28,30,31,33,34,36,38,39,40,43,45,46,47,49,50,52,53,58,59,60,61,62,66,68,69,71,72,75,76,78,79,81,82,87,88,89,90,91,92,93,94,95,96,97,98,99,100,101,104,105,106,107,108,109,111,112,113,114,115,116,117,118
220,1,6,7,8,11,13,18,19,21,22,26,27,28,30,31,33,34,36,38,39,40,41,43,45,46,47,49,50,52,53,56,58,59,60,61,62,66,68,69,71,72,75,76,78,79,81,82,87,88,89,90,91,92,93,94,95,96,97,98,99,100,104,105,106,107,108,109,111,112,113,114,115,116,117,118
221,1,6,7,8,10,11,13,19,21,22,27,28,30,31,33,34,36,38,39,40,41,43,45,46,47,49,52,53,56,58,59,60,61,62,66,67,68,69,71,72,75,76,78,79,81,82,83,87,88,89,90,91,92,93,94,95,96,97,98,99,100,104,105,106,107,108,109,111,112,113,114,115,116,117,118
222,1,6,7,8,11,13,18,19,21,22,26,27,28,30,31,33,34,36,38,39,40,41,43,45,46,47,49,50,52,53,56,58,59,60,61,66,68,69,71,72,75,76,78,79,81,82,83,87,88,89,90,91,92,93,94,95,96,97,98,99,100,104,105,106,107,108,109,111,112,113,114,115,116,117,118
223,1,7,8,10,11,13,18,19,21,22,26,27,28,30,31,33,34,35,36,38,39,40,41,43,45,46,47,49,50,52,53,58,59,60,61,62,66,68,69,71,72,75,76,78,79,81,82,87,88,89,90,91,92,93,94,95,96,97,98,99,100,104,105,106,107,108,109,111,112,113,114,115,116,117,118
224,1,5,7,8,10,11,13,19,21,22,26,27,28,30,31,33,34,36,38,39,40,41,43,45,46,47,49,50,52,53,58,59,60,61,66,68,71,72,76,78,79,81,82,87,88,89,90,91,92,94,95,96,97,98,99,100,101,105,106,107,108,109,111,112,113,114,115,116,117,118
225,1,6,7,8,11,13,18,19,21,22,26,27,30,31,33,34,36,38,39,40,41,43,45,46,47,49,52,53,56,58,59,60,61,62,66,67,68,69,71,72,75,76,78,79,81,82,83,87,88,89,90,91,92,93,94,95,96,97,98,99,100,104,105,106,107,108,109,110,111,112,113,114,115,116,117,118
226,1,7,8,10,11,13,17,18,19,21,22,26,27,28,30,31,33,34,36,38,39,40,41,43,45,46,47,49,50,52,53,58,59,60,61,66,68,71,72,76,78,79,81,82,87,88,89,90,91,92,93,94,95,96,97,98,99,100,104,105,106,107,108,109,111,112,113,114,115,116,117,118
227,1,7,8,10,11,13,17,18,19,21,22,26,27,28,30,31,33,34,36,38,39,40,41,43,45,46,47,49,50,52,53,58,59,60,61,62,66,68,69,71,72,75,76,78,79,81,82,87,88,89,90,91,92,93,94,95,96,97,98,99,100,104,105,106,107,108,109,111,112,113,114,115,116,117,118
228,6,7,8,10,11,13,17,18,19,21,22,26,27,28,30,31,33,34,36,38,39,40,41,43,45,46,47,49,52,53,58,59,60,61,66,67,68,69,71,72,75,76,78,79,81,82,87,88,89,90,91,92,93,94,95,96,97,98,99,100,104,105,106,107,108,109,111,112,113,114,115,116,117,118
229,1,7,8,10,11,13,18,19,21,22,26,27,28,30,31,33,34,36,38,39,40,41,43,45,46,47,49,50,52,53,58,59,60,61,66,67,68,69,71,72,76,78,79,81,82,87,88,89,90,91,92,93,94,95,96,97,98,99,100,104,105,106,107,108,109,111,112,113,114,115,116,117,118
230,1,6,7,8,11,13,19,21,22,26,27,28,30,31,33,34,36,38,39,40,41,43,45,46,47,49,50,52,53,58,59,60,61,62,66,67,68,69,71,72,76,78,79,81,82,87,88,89,90,91,92,93,94,95,96,97,98,99,100,104,105,106,107,108,109,111,112,113,114,115,116,117,118
231,1,6,7,8,11,13,19,21,22,26,27,30,31,33,34,36,38,39,40,41,43,45,46,47,49,50,52,53,56,58,59,60,61,66,67,68,69,71,72,75,76,78,79,81,82,83,87,88,89,90,91,92,93,94,95,96,97,98,99,100,104,105,106,107,108,109,111,112,113,114,115,116,117,118
232,1,7,8,10,11,13,19,21,22,26,27,28,30,31,33,34,36,38,39,40,41,43,45,46,47,49,50,52,53,58,59,60,61,66,67,68,69,71,72,75,76,78,79,81,82,83,87,88,89,90,91,92,93,94,95,96,97,98,99,100,104,105,106,107,108,109,111,112,113,114,115,116,117,118
233,1,6,7,8,11,13,19,21,22,27,28,30,31,33,34,36,38,39,40,41,43,45,46,47,49,52,53,56,58,59,60,61,66,67,68,69,71,72,75,76,78,79,81,82,83,87,88,89,90,91,92,93,94,95,96,97,98,99,100,104,105,106,107,108,109,110,111,112,113,114,115,116,117,118
234,1,7,8,10,11,13,19,21,22,26,27,28,30,31,33,34,35,36,38,39,40,41,43,45,46,47,49,50,52,53,58,59,60,61,66,68,71,72,76,78,79,81,82,87,88,89,90,91,92,94,95,96,97,98,99,100,101,104,105,106,107,108,109,111,112,113,114,115,116,117,118
235,1,6,7,8,10,11,13,19,21,22,26,27,28,30,31,33,34,36,38,39,40,41,43,45,46,47,49,50,52,53,56,58,59,60,61,66,67,68,69,71,72,75,76,78,79,81,82,87,88,89,90,91,92,93,94,95,96,97,98,99,100,104,105,106,107,108,109,111,112,113,114,115,116,117,118
236,1,7,8,10,11,13,19,21,22,26,27,28,30,31,33,34,36,38,39,40,43,45,46,47,49,50,51,52,53,58,59,60,61,62,66,68,69,71,72,76,78,79,81,82,87,88,89,90,91,92,93,94,95,96,97,98,99,100,105,106,107,108,109,111,112,113,114,115,116,117,118
237,1,7,8,10,11,13,19,21,22,26,27,28,30,31,33,34,36,38,39,40,43,45,46,47,49,50,51,52,53,58,59,60,61,66,68,69,71,72,76,78,79,81,82,87,88,89,90,91,92,93,94,95,96,97,98,99,100,104,105,106,107,108,109,111,112,113,114,115,116,117,118
238,6,7,8,11,13,18,19,21,22,26,27,28,30,31,33,34,36,38,39,40,41,43,45,46,47,49,50,52,53,56,58,59,60,61,66,67,68,69,71,72,75,76,78,79,81,82,83,87,88,89,90,91,92,93,94,95,96,97,98,99,100,104,105,106,107,108,109,111,112,113,114,115,116,117,118
239,1,7,8,10,11,13,19,21,22,26,27,28,30,31,33,34,36,38,39,40,43,45,46,47,49,50,52,53,58,59,60,61,66,67,68,69,71,72,76,78,79,81,82,87,88,89,90,91,92,93,94,95,96,97,98,99,100,101,105,106,107,108,109,111,112,113,114,115,116,117,118
240,7,8,10,11,13,19,21,22,26,27,28,30,31,33,34,36,38,39,40,41,43,45,46,47,49,50,51,52,53,58,59,60,61,62,66,68,69,71,72,75,76,78,79,81,82,87,88,89,90,91,92,93,94,95,96,97,98,99,100,101,104,105,106,107,108,109,111,112,113,114,115,116,117,118
